a	b	nSites	R0	R1	KING
0	1	6716	2.699119	0.127951	-0.618042
0	2	6400	2.765090	0.114838	-0.570347
0	3	6706	2.476233	0.149177	-0.634710
0	4	6442	2.683517	0.131118	-0.628968
0	5	6311	2.603593	0.136714	-0.626916
0	6	6566	2.264020	0.150146	-0.551587
0	7	129	129611.803321	0.000004	-1.752715
0	8	177	47450781.633605	0.000000	-1.798003
0	9	6108	2.515006	0.128659	-0.555292
0	10	6202	2.259181	0.155893	-0.571584
0	11	6127	2.968849	0.115105	-0.639691
0	12	5901	2.489546	0.129565	-0.550467
0	13	6174	2.395716	0.147381	-0.593391
0	14	6123	2.286253	0.144201	-0.537340
0	15	3585	1.503266	0.166243	-0.308128
0	16	193	96468.048433	0.000004	-1.441045
0	17	68	3022189976856.594727	0.000000	-0.552903
0	18	6591	2.733920	0.122869	-0.603368
0	19	1728	2.420304	0.114704	-0.462847
0	20	5876	2.174721	0.136998	-0.470121
0	21	76	1609589103.705703	0.000000	-1.305160
0	22	310	12.521113	0.036815	-1.444720
0	23	125	163043.859237	0.000002	-1.229620
0	24	6618	2.627781	0.132730	-0.616185
0	25	295	63739.751935	0.000006	-1.358805
0	26	6370	2.980130	0.111640	-0.621801
0	27	6150	3.006507	0.116356	-0.660668
0	28	306	178847386.314412	0.000000	-1.606016
0	29	6778	2.030831	0.160202	-0.492920
0	30	159	215183.017849	0.000002	-1.308938
0	31	6465	2.931773	0.120941	-0.662906
0	32	176	829484.291141	0.000001	-1.451038
0	33	139	41413.445573	0.000009	-1.161337
0	34	32	7990405451212616170995712.000000	0.000000	-0.666449
0	35	161	1474972.026822	0.000000	-2.355720
0	36	157	118669.558093	0.000004	-2.035100
0	37	357	7.247899	0.057060	-1.099216
0	38	190	15.911343	0.029456	-1.538227
0	39	6238	2.943973	0.119864	-0.660638
0	40	1200	2.519441	0.105503	-0.450819
0	41	6166	2.155323	0.152541	-0.517266
0	42	137	2178983.091328	0.000000	-1.483286
0	43	6204	2.850653	0.119259	-0.623975
0	44	6366	2.550669	0.133829	-0.592545
0	45	6392	2.564463	0.132219	-0.589951
0	46	6946	1.253740	0.173421	-0.231472
0	47	1871	2.047716	0.146078	-0.455347
0	48	6492	3.124773	0.103715	-0.616356
0	49	6312	2.587910	0.134208	-0.608433
0	50	6145	2.734319	0.117483	-0.574556
0	51	6459	2.898512	0.115552	-0.618522
0	52	6296	2.524854	0.133013	-0.579094
0	53	6543	2.118753	0.148272	-0.488634
0	54	7283	0.762918	0.217504	-0.090122
0	55	6055	2.755537	0.127448	-0.636186
1	2	8146	3.185523	0.122034	-0.766320
1	3	9643	3.277085	0.111239	-0.720144
1	4	9184	3.585263	0.100921	-0.741337
1	5	8033	3.772847	0.105881	-0.853225
1	6	8923	2.900535	0.113915	-0.609435
1	7	185	181289.703319	0.000003	-2.856129
1	8	266	5561.389106	0.000110	-3.146047
1	9	7670	3.412248	0.113259	-0.785279
1	10	7417	2.850109	0.128309	-0.676917
1	11	7075	3.597462	0.095189	-0.695439
1	12	6674	3.217272	0.106804	-0.667166
1	13	7729	3.525690	0.113666	-0.832148
1	14	7399	2.950135	0.130540	-0.730256
1	15	4106	2.420550	0.113172	-0.456427
1	16	300	304592.000853	0.000002	-2.165964
1	17	59	108120.687890	0.000006	-4.331654
1	18	9516	3.481427	0.117487	-0.848180
1	19	1912	2.458197	0.131614	-0.548533
1	20	7596	2.942413	0.119593	-0.658398
1	21	115	9936.731708	0.000040	-1.340312
1	22	411	13.971934	0.036339	-1.733066
1	23	154	72486.876769	0.000006	-1.452489
1	24	10775	3.404130	0.107678	-0.736822
1	25	431	33.741769	0.016517	-2.308267
1	26	8964	3.885413	0.098272	-0.816702
1	27	7900	3.067933	0.122694	-0.725157
1	28	394	121063.846365	0.000004	-1.887511
1	29	10357	3.000038	0.128122	-0.734764
1	30	173	2071281986687532293609750528.000000	0.000000	-1.212943
1	31	8597	4.014186	0.096002	-0.836488
1	32	304	6179895.504596	0.000000	-2.114894
1	33	179	872081.762352	0.000000	-1.266993
1	34	41	141018.703458	0.000001	-0.420542
1	35	275	12.586698	0.049667	-2.531958
1	36	276	26.933194	0.021023	-2.335826
1	37	461	11.309113	0.044448	-1.639095
1	38	295	13.809157	0.034236	-1.529833
1	39	7657	3.912676	0.105411	-0.901157
1	40	1291	2.479137	0.114364	-0.478927
1	41	7587	3.304869	0.110218	-0.722154
1	42	197	339698.684925	0.000001	-1.895272
1	43	8568	3.850696	0.098491	-0.807156
1	44	8958	4.210667	0.092574	-0.863799
1	45	9125	3.132685	0.116699	-0.708057
1	46	9694	1.706145	0.157732	-0.363641
1	47	2031	2.869595	0.124220	-0.659998
1	48	8607	3.830235	0.095241	-0.768274
1	49	8426	3.075037	0.114790	-0.674401
1	50	8239	3.541202	0.098000	-0.702124
1	51	9447	3.359928	0.100310	-0.664394
1	52	8652	3.343964	0.108198	-0.720142
1	53	8791	3.226017	0.107698	-0.676498
1	54	10122	1.236383	0.169874	-0.221457
1	55	7294	3.909913	0.093451	-0.775786
2	3	7928	3.626992	0.104256	-0.785205
2	4	7648	3.369050	0.113335	-0.769765
2	5	7092	3.315101	0.105790	-0.691876
2	6	7419	2.902620	0.115310	-0.618463
2	7	161	23.700054	0.015997	-1.136981
2	8	253	935737.144872	0.000001	-1.937616
2	9	7142	3.384139	0.110024	-0.748663
2	10	7073	2.835955	0.110612	-0.569419
2	11	6836	3.872704	0.088614	-0.716667
2	12	6245	2.596476	0.125544	-0.569007
2	13	7163	3.155540	0.120990	-0.747028
2	14	7047	2.766153	0.133864	-0.676051
2	15	3880	2.470339	0.118002	-0.492334
2	16	299	5.850741	0.100949	-1.767307
2	17	61	2394705.398800	0.000000	-2.597433
2	18	8064	3.828694	0.102933	-0.844166
2	19	1845	4.198401	0.076641	-0.681772
2	20	6776	2.461188	0.129162	-0.538712
2	21	112	279706.916873	0.000001	-0.974991
2	22	391	24.714963	0.014003	-0.994525
2	23	158	43444.927869	0.000008	-1.033678
2	24	8397	3.558620	0.107752	-0.792189
2	25	398	3.446620	0.144946	-1.080829
2	26	7582	4.209019	0.086198	-0.789810
2	27	7374	3.927658	0.092686	-0.773608
2	28	361	4.562258	0.101310	-1.111658
2	29	8351	3.707269	0.099436	-0.768263
2	30	172	5420117841450286186496.000000	0.000000	-2.462852
2	31	7602	3.590163	0.104018	-0.770273
2	32	248	3.489552	0.135639	-1.016345
2	33	160	99679174.057840	0.000000	-0.726273
2	34	45	0.000000	0.000032	0.000032
2	35	268	2356435.309808	0.000000	-1.395363
2	36	257	35.165403	0.010852	-1.175421
2	37	455	9.331042	0.047951	-1.306004
2	38	284	5.209308	0.052424	-0.593643
2	39	7007	4.141684	0.084534	-0.751803
2	40	1263	2.448448	0.136139	-0.565014
2	41	7182	3.064912	0.123362	-0.728536
2	42	174	3.083111	0.167212	-1.054909
2	43	7233	4.517090	0.083669	-0.851548
2	44	7638	3.800386	0.101735	-0.822106
2	45	7349	3.436009	0.104117	-0.718855
2	46	8142	1.826781	0.135600	-0.351564
2	47	1942	1.998121	0.150928	-0.452088
2	48	7213	3.373127	0.098618	-0.655440
2	49	7049	3.309672	0.108249	-0.708773
2	50	6798	3.215385	0.105497	-0.657195
2	51	7595	2.794741	0.120016	-0.608886
2	52	7365	3.065780	0.114679	-0.670422
2	53	7622	3.349632	0.101310	-0.668848
2	54	8608	0.762795	0.190933	-0.081177
2	55	6508	3.205345	0.112080	-0.701155
3	4	8588	3.233292	0.112083	-0.710989
3	5	7705	3.363255	0.111480	-0.752796
3	6	8601	2.697000	0.123890	-0.595821
3	7	190	251158524.439997	0.000000	-3.476515
3	8	276	62183.304978	0.000012	-5.134685
3	9	7377	3.531537	0.103538	-0.746064
3	10	7202	2.563489	0.140928	-0.631777
3	11	6942	3.589270	0.096131	-0.701051
3	12	6505	2.895636	0.121427	-0.652783
3	13	7349	3.096282	0.122711	-0.736224
3	14	7070	2.984190	0.116524	-0.653930
3	15	3995	2.661627	0.116841	-0.547455
3	16	331	12.508999	0.051535	-2.700099
3	17	70	15745.843189	0.000030	-1.773763
3	18	8803	3.303741	0.106289	-0.691894
3	19	1835	3.194278	0.092136	-0.557863
3	20	7050	2.781373	0.115822	-0.581054
3	21	111	14024.745762	0.000029	-1.377508
3	22	430	4.157024	0.123117	-1.226088
3	23	169	330352.189428	0.000002	-2.218740
3	24	9853	2.919387	0.127809	-0.700788
3	25	447	22.157301	0.026616	-2.487337
3	26	8460	3.785895	0.098103	-0.781663
3	27	7590	3.564652	0.102068	-0.744505
3	28	403	97499.091755	0.000005	-2.311468
3	29	9468	2.770189	0.137601	-0.698823
3	30	165	71127.971288	0.000006	-1.532088
3	31	8177	3.448198	0.118464	-0.843167
3	32	303	16.514532	0.039311	-2.932064
3	33	169	2.972575	0.170390	-1.009974
3	34	43	51668365995775234955520771746490369626341376.000000	0.000000	-2.197388
3	35	292	9.829935	0.064209	-2.409510
3	36	299	11.824330	0.051129	-2.326718
3	37	479	9.623304	0.064849	-2.340157
3	38	309	4.475562	0.110866	-1.214968
3	39	7263	3.883727	0.099129	-0.824886
3	40	1253	2.032155	0.119937	-0.368947
3	41	7215	2.698609	0.123312	-0.593346
3	42	194	307745.149279	0.000002	-2.918887
3	43	7894	2.936004	0.118925	-0.651977
3	44	8557	3.208125	0.112885	-0.707968
3	45	8373	3.103772	0.119430	-0.716372
3	46	9031	1.656235	0.145526	-0.320491
3	47	1960	2.808293	0.122547	-0.627948
3	48	7957	2.935524	0.117642	-0.643903
3	49	8030	3.252657	0.101872	-0.642872
3	50	7684	3.293574	0.099108	-0.635162
3	51	8810	3.245711	0.113111	-0.723019
3	52	8199	2.825653	0.123539	-0.639887
3	53	8245	2.709178	0.138053	-0.676164
3	54	9494	1.108724	0.165677	-0.175751
3	55	6949	4.007923	0.085399	-0.723146
4	5	7584	2.804457	0.131038	-0.675111
4	6	8095	3.067718	0.122900	-0.726475
4	7	167	40.806912	0.017544	-4.430955
4	8	250	90.999334	0.008400	-6.024593
4	9	7205	3.672749	0.098604	-0.749280
4	10	6955	3.262966	0.108629	-0.695724
4	11	6981	1.807191	0.153682	-0.390222
4	12	6371	2.689553	0.122323	-0.585009
4	13	7101	3.138454	0.120392	-0.736199
4	14	7101	2.709601	0.131080	-0.638674
4	15	3947	2.080253	0.132382	-0.422885
4	16	302	2856174.762674	0.000000	-4.098642
4	17	66	20905.614805	0.000020	-1.429870
4	18	8554	2.983238	0.114911	-0.643399
4	19	1797	4.411725	0.070412	-0.663546
4	20	6890	2.683640	0.130449	-0.625486
4	21	105	257157.712864	0.000002	-2.056061
4	22	389	6.099241	0.097513	-1.819170
4	23	146	5528484.501249	0.000000	-3.952390
4	24	9530	3.335410	0.108489	-0.719456
4	25	402	60576.058796	0.000011	-3.586617
4	26	8134	3.598573	0.095750	-0.700615
4	27	7547	3.247031	0.104745	-0.661940
4	28	387	15.640203	0.037370	-2.308099
4	29	9159	3.468369	0.104060	-0.729199
4	30	184	22674610.365170	0.000000	-1.961509
4	31	7780	3.267723	0.110034	-0.707820
4	32	269	21.660876	0.029107	-2.879902
4	33	160	3.398923	0.166508	-1.258543
4	34	43	214989898128058218884667764499234340238474376484393119170043574004744192.000000	0.000000	-1.057307
4	35	246	24.263752	0.030103	-4.338295
4	36	241	29.550096	0.024052	-4.142308
4	37	429	89806.629009	0.000007	-3.189303
4	38	265	24.439528	0.025712	-2.910183
4	39	7253	3.607589	0.104248	-0.778366
4	40	1257	2.292569	0.136278	-0.508864
4	41	7223	3.094810	0.118003	-0.703244
4	42	187	10639517.874269	0.000000	-3.225036
4	43	7648	3.422823	0.101072	-0.690067
4	44	8324	2.840586	0.123851	-0.647142
4	45	8352	2.943401	0.121903	-0.673129
4	46	8826	1.517408	0.166295	-0.313240
4	47	1962	2.301342	0.135397	-0.508543
4	48	7788	3.429988	0.106255	-0.734207
4	49	7762	3.498901	0.102090	-0.722943
4	50	7388	3.134387	0.112878	-0.682067
4	51	8556	3.165756	0.107910	-0.658115
4	52	8040	3.258622	0.098574	-0.620889
4	53	8216	3.203176	0.106747	-0.662156
4	54	9282	1.027065	0.178528	-0.160341
4	55	6769	3.245802	0.114377	-0.732482
5	6	7389	3.179187	0.122941	-0.770459
5	7	140	150882.965134	0.000003	-1.894307
5	8	185	37.094284	0.014407	-2.132746
5	9	6602	3.162764	0.119794	-0.741209
5	10	6667	3.055238	0.118473	-0.691963
5	11	6510	3.112293	0.119471	-0.719841
5	12	6167	2.773937	0.127032	-0.640720
5	13	6804	3.316741	0.113556	-0.752185
5	14	6671	2.931028	0.122068	-0.669600
5	15	3789	2.363763	0.119695	-0.466476
5	16	230	7938869.009993	0.000000	-1.599216
5	17	68	8942.534890	0.000071	-3.497824
5	18	7656	2.877179	0.127215	-0.680794
5	19	1823	5.051552	0.048514	-0.518373
5	20	6463	2.702611	0.125508	-0.606359
5	21	103	5084.602795	0.000093	-1.805065
5	22	341	178.161127	0.002238	-1.312692
5	23	135	130435774.869790	0.000000	-1.705772
5	24	8287	3.104389	0.112343	-0.668058
5	25	317	3568298373.605575	0.000000	-1.532493
5	26	7360	3.380387	0.112126	-0.764213
5	27	6885	3.086133	0.125842	-0.753934
5	28	340	152296.813796	0.000003	-1.265515
5	29	7915	3.726348	0.100190	-0.781703
5	30	176	17430.002795	0.000028	-1.921651
5	31	7302	3.717571	0.102368	-0.799286
5	32	196	199115.884780	0.000002	-1.551436
5	33	142	24191.583375	0.000026	-3.411722
5	34	37	11049.460029	0.000023	-0.683855
5	35	203	70457.060347	0.000007	-1.934722
5	36	195	31666477.293797	0.000000	-1.890081
5	37	397	39.245472	0.010871	-1.415511
5	38	226	19.440084	0.022748	-1.428405
5	39	6790	3.294448	0.116915	-0.769949
5	40	1200	1.848636	0.134395	-0.355273
5	41	6644	2.424013	0.153278	-0.630815
5	42	150	8160714.703178	0.000000	-1.348517
5	43	6962	4.222702	0.085094	-0.781336
5	44	7347	2.958103	0.124284	-0.693600
5	45	7556	3.006972	0.123927	-0.709962
5	46	8015	1.399760	0.158523	-0.260481
5	47	1866	3.415131	0.080407	-0.528982
5	48	7316	3.938026	0.094132	-0.791683
5	49	7109	3.375920	0.108863	-0.736478
5	50	6801	3.175825	0.103890	-0.633352
5	51	7594	3.003560	0.119305	-0.678629
5	52	7290	3.399560	0.098834	-0.665154
5	53	7320	3.533425	0.096802	-0.689657
5	54	8324	1.180003	0.161526	-0.193983
5	55	6373	3.156385	0.116696	-0.716692
6	7	125	397687427.674398	0.000000	-1.957661
6	8	198	7412333.029636	0.000000	-2.658850
6	9	7063	3.175517	0.106321	-0.650190
6	10	7030	2.509898	0.142236	-0.616468
6	11	6851	2.959271	0.111811	-0.616021
6	12	6471	2.947771	0.109922	-0.600709
6	13	7211	2.995519	0.121663	-0.690907
6	14	7029	2.453598	0.139303	-0.580995
6	15	3968	2.245716	0.128950	-0.464953
6	16	213	1579838.766214	0.000000	-1.733629
6	17	68	78700269.907348	0.000000	-0.736136
6	18	8369	3.089606	0.109263	-0.642372
6	19	1854	3.764463	0.080585	-0.613342
6	20	6962	2.805167	0.111135	-0.562725
6	21	106	5686.934032	0.000080	-1.679434
6	22	332	269086538823657.625000	0.000000	-1.715657
6	23	125	9318360948508396743053803520.000000	0.000000	-0.926325
6	24	8873	2.691233	0.129742	-0.624605
6	25	338	479663837.272006	0.000000	-2.488469
6	26	7884	3.543509	0.096167	-0.687408
6	27	7262	3.126413	0.112093	-0.673896
6	28	330	329283.611006	0.000001	-1.819696
6	29	9041	2.913324	0.125908	-0.686678
6	30	170	18052.695993	0.000023	-1.378408
6	31	7875	3.150608	0.117083	-0.717319
6	32	200	338314.078594	0.000002	-2.471751
6	33	150	489578.499207	0.000001	-3.129716
6	34	41	7599.765437	0.000058	-1.599450
6	35	204	32.862936	0.017216	-2.377736
6	36	197	269172.261445	0.000002	-2.377661
6	37	390	3615013.039115	0.000000	-1.884439
6	38	214	20.460767	0.020499	-1.316539
6	39	7258	3.343884	0.110685	-0.739559
6	40	1304	2.077421	0.135477	-0.431940
6	41	7062	3.106968	0.109874	-0.652201
6	42	139	198556.804886	0.000002	-1.768800
6	43	7583	3.042656	0.116753	-0.676018
6	44	8023	2.863214	0.123764	-0.654928
6	45	8226	2.955549	0.122241	-0.679737
6	46	8591	1.566109	0.146922	-0.294496
6	47	1957	2.346112	0.113118	-0.434677
6	48	7844	2.904706	0.113609	-0.608986
6	49	7870	3.517132	0.098998	-0.702960
6	50	7535	2.895282	0.111117	-0.591121
6	51	8490	2.881738	0.122106	-0.651830
6	52	7711	2.678929	0.123625	-0.588102
6	53	8046	2.620321	0.124256	-0.570933
6	54	9113	1.013994	0.194167	-0.167528
6	55	6776	3.076432	0.108045	-0.630014
7	8	243	6.154219	0.096896	-1.833977
7	9	165	50205048.775640	0.000000	-2.891384
7	10	172	1839838.749380	0.000000	-1.979956
7	11	152	257093.966353	0.000001	-0.893778
7	12	135	35257668.877890	0.000000	-2.935300
7	13	151	81769662.517126	0.000000	-2.951774
7	14	149	133634.445761	0.000003	-1.683229
7	15	139	8925923.508193	0.000000	-2.061713
7	16	275	297063.060174	0.000002	-1.682818
7	17	2	0.000000	0.000000	0.000000
7	18	189	45.518730	0.013312	-2.849225
7	19	46	3249492011761862949648097139019676143576037356365620106884838480803831314644992.000000	0.000000	-34260.037221
7	20	205	1270076.400280	0.000000	-1.952957
7	21	51	51106959023546810695146645594689803124736.000000	0.000000	-1.790791
7	22	219	2.141639	0.123264	-0.411902
7	23	151	120501.462711	0.000005	-2.723693
7	24	218	15.975167	0.038977	-2.649687
7	25	269	3.706756	0.033467	-0.227644
7	26	154	130822164461.021637	0.000000	-3.129922
7	27	188	41769327.456613	0.000000	-1.907379
7	28	201	2672907.250585	0.000000	-3.095656
7	29	277	172204.175172	0.000004	-4.952647
7	30	28	226647397333173909884319563776.000000	0.000000	-27404.914372
7	31	214	20.120539	0.032468	-3.094935
7	32	244	3.771184	0.101316	-0.807809
7	33	42	122936038.367752	0.000000	-4.135209
7	34	-1	-1	-1	-1
7	35	209	6.703478	0.052215	-0.858719
7	36	215	1.412526	0.172725	-0.286192
7	37	242	15.038837	0.040301	-2.469565
7	38	203	2.427319	0.068723	-0.272918
7	39	152	493821756.577125	0.000000	-16.065415
7	40	39	99728174188.616486	0.000000	-1.333957
7	41	155	217698293.163691	0.000000	-3.051396
7	42	172	82963.702435	0.000004	-1.096548
7	43	140	895.312248	0.000842	-6.069908
7	44	169	18.890781	0.031802	-2.527287
7	45	176	38.866026	0.015906	-2.950899
7	46	140	195850916.963709	0.000000	-2.297785
7	47	229	46.422009	0.009509	-1.512098
7	48	117	11.995226	0.025088	-0.769808
7	49	124	88457.244664	0.000004	-1.154326
7	50	124	551366.585920	0.000001	-1.783311
7	51	171	5614905.839592	0.000000	-3.054636
7	52	126	4065107.685452	0.000000	-1.791586
7	53	155	68860.003388	0.000008	-2.704833
7	54	178	25.822490	0.025890	-3.421329
7	55	117	3052682.410866	0.000000	-0.965090
8	9	261	680818.926412	0.000001	-3.706117
8	10	257	51136093.992589	0.000000	-2.768176
8	11	194	25.310083	0.013194	-0.945511
8	12	159	884731.128550	0.000001	-3.321366
8	13	242	1840192115.546678	0.000000	-3.453356
8	14	188	2564223.456697	0.000000	-1.897344
8	15	169	246572397.032099	0.000000	-4.313806
8	16	375	0.000159	0.152234	0.116667
8	17	2	0.000000	0.001088	0.001086
8	18	320	61.662781	0.010899	-3.811637
8	19	57	247139555882752928076859439638829334528.000000	0.000000	-40723.370702
8	20	320	17.046302	0.034948	-2.439029
8	21	88	4667994.733615	0.000000	-16984.220421
8	22	341	46257.419556	0.000004	-0.504428
8	23	183	7.399489	0.071077	-1.591607
8	24	346	85.492232	0.007596	-3.530359
8	25	391	0.269358	0.159132	0.057554
8	26	246	853428.260697	0.000001	-3.772511
8	27	275	669732.532398	0.000001	-2.595556
8	28	282	5.248924	0.050425	-0.572759
8	29	376	95325.188851	0.000007	-4.624599
8	30	30	479.144419	0.000893	-1.488521
8	31	348	65409.198276	0.000010	-3.749607
8	32	340	0.241903	0.135681	0.056549
8	33	54	4820211572.521623	0.000000	-0.718771
8	34	-1	-1	-1	-1
8	35	327	8893296.187946	0.000000	-0.478453
8	36	346	2.453750	0.035714	-0.141850
8	37	363	4.236386	0.079370	-0.721108
8	38	304	125874.115772	0.000000	-0.078797
8	39	208	23540291.799313	0.000000	-5.024509
8	40	52	50067766.567346	0.000000	-0.732151
8	41	213	689869.652121	0.000001	-3.092838
8	42	204	10817.426918	0.000014	-0.357417
8	43	183	274052343.174313	0.000000	-8.021149
8	44	230	319679.411947	0.000002	-3.040071
8	45	254	32.347474	0.021832	-4.121095
8	46	195	15.529188	0.036264	-2.139884
8	47	295	1.761442	0.125879	-0.308319
8	48	156	12.403359	0.021552	-0.661372
8	49	175	204565.651829	0.000002	-1.789079
8	50	161	25.568478	0.021613	-2.208759
8	51	262	920317.055831	0.000001	-4.516626
8	52	176	2124008037.616136	0.000000	-2.669782
8	53	227	108024.309238	0.000005	-2.819196
8	54	249	47.071551	0.013016	-2.932757
8	55	155	2005572.310535	0.000000	-1.711110
9	10	6704	2.873452	0.118391	-0.626810
9	11	6420	3.023867	0.114170	-0.652582
9	12	6222	2.700469	0.118397	-0.568180
9	13	6740	3.182226	0.119518	-0.746646
9	14	6639	3.002885	0.113686	-0.642321
9	15	3723	2.160361	0.123386	-0.418001
9	16	340	46150380.672836	0.000000	-2.862309
9	17	68	22025.581998	0.000025	-2.544387
9	18	7695	3.624562	0.114351	-0.877631
9	19	1793	3.885753	0.072254	-0.566446
9	20	6377	2.889843	0.109554	-0.580196
9	21	128	15136.157624	0.000027	-1.405302
9	22	441	54.166603	0.007212	-1.240984
9	23	176	16696943.304870	0.000000	-1.872958
9	24	7729	2.803696	0.125905	-0.645403
9	25	449	4193344.363582	0.000000	-1.953643
9	26	7193	3.646477	0.099702	-0.750641
9	27	7081	3.286644	0.105608	-0.681134
9	28	394	168152.916533	0.000003	-1.657064
9	29	7836	2.894294	0.123562	-0.665193
9	30	170	5716328.478360	0.000000	-2.490274
9	31	7158	3.327755	0.107927	-0.712484
9	32	276	38.498861	0.013285	-1.960106
9	33	173	17618.745556	0.000023	-1.380212
9	34	41	1.318953	0.190502	-0.276191
9	35	291	58.871138	0.008832	-2.071510
9	36	312	20.448910	0.022529	-1.538167
9	37	469	27.262311	0.016995	-1.593972
9	38	337	36.008524	0.009917	-1.062757
9	39	6680	3.284840	0.110361	-0.716238
9	40	1227	1.567836	0.211076	-0.413106
9	41	6846	2.880977	0.123586	-0.660412
9	42	174	21.730435	0.018967	-1.286994
9	43	6743	3.472306	0.101817	-0.711996
9	44	7110	4.124867	0.093668	-0.847813
9	45	7052	3.020194	0.116968	-0.669449
9	46	7540	1.340471	0.167333	-0.253320
9	47	1868	2.014470	0.135714	-0.411880
9	48	6725	3.359985	0.098709	-0.652160
9	49	6566	3.009938	0.117845	-0.671482
9	50	6548	2.778910	0.119981	-0.603224
9	51	7035	3.149691	0.107294	-0.648602
9	52	7074	3.180588	0.102544	-0.625479
9	53	7194	2.758738	0.123837	-0.617447
9	54	8058	0.983253	0.179844	-0.146950
9	55	6185	3.069359	0.111339	-0.649463
10	11	6510	3.158082	0.106039	-0.642640
10	12	6202	2.498575	0.131827	-0.564002
10	13	6879	3.042188	0.117269	-0.679258
10	14	6615	2.317201	0.147679	-0.563101
10	15	3729	2.825073	0.100983	-0.512269
10	16	313	5113737.361198	0.000000	-2.730214
10	17	66	31885120.372719	0.000000	-3.998231
10	18	7372	2.712008	0.126408	-0.614543
10	19	1804	3.677600	0.088089	-0.656896
10	20	6398	2.769986	0.113103	-0.562469
10	21	127	7691348.252780	0.000000	-1.070891
10	22	415	28.878492	0.014935	-1.416110
10	23	165	619086.252174	0.000001	-1.406657
10	24	7679	3.193713	0.109665	-0.679801
10	25	434	59.167904	0.009434	-2.402629
10	26	7125	3.376281	0.100208	-0.668676
10	27	6790	2.933146	0.120133	-0.658412
10	28	379	30.543185	0.015042	-1.583756
10	29	7624	2.856736	0.126512	-0.668801
10	30	159	29164669.881201	0.000000	-1.985585
10	31	7075	2.733926	0.132649	-0.656577
10	32	269	913594.541146	0.000001	-2.025379
10	33	145	151496.076337	0.000004	-2.540059
10	34	41	1.721337	0.273068	-0.619849
10	35	275	51.258712	0.009023	-1.648815
10	36	287	55.152495	0.008177	-1.580823
10	37	439	12.362617	0.039895	-1.613602
10	38	296	13.234354	0.026092	-0.940120
10	39	6835	3.921678	0.095105	-0.796384
10	40	1254	2.941735	0.117340	-0.644214
10	41	6555	2.887418	0.125008	-0.671371
10	42	180	6265908.454377	0.000000	-1.791623
10	43	6706	3.339571	0.106113	-0.702489
10	44	7022	2.925832	0.120390	-0.657365
10	45	6961	2.833029	0.129601	-0.677915
10	46	7407	1.364295	0.161763	-0.253548
10	47	1917	2.612507	0.109629	-0.496523
10	48	6776	2.937448	0.112628	-0.613866
10	49	6647	2.837422	0.122061	-0.635585
10	50	6512	2.714101	0.120993	-0.586451
10	51	7082	2.937806	0.115650	-0.632460
10	52	6713	2.695500	0.128946	-0.621984
10	53	6910	2.369240	0.151349	-0.599308
10	54	7988	0.837222	0.192608	-0.106133
10	55	6288	2.955259	0.123342	-0.686568
11	12	6172	2.877611	0.111501	-0.587722
11	13	6576	3.823424	0.094158	-0.755577
11	14	6567	3.055404	0.110312	-0.638072
11	15	3713	1.871599	0.142025	-0.382624
11	16	214	17.773090	0.018565	-0.906949
11	17	68	22246120624197380079616.000000	0.000000	-1.763698
11	18	6973	3.435589	0.107639	-0.747471
11	19	1815	2.386781	0.118161	-0.467240
11	20	6206	2.294143	0.136196	-0.509104
11	21	102	3107.580975	0.000063	-0.483433
11	22	311	231468.110807	0.000002	-1.085631
11	23	138	7.544143	0.041011	-0.747795
11	24	6973	2.679939	0.130663	-0.625221
11	25	322	366382480.239804	0.000000	-1.145058
11	26	6925	3.340307	0.098770	-0.646686
11	27	6566	3.150283	0.107058	-0.647165
11	28	315	9.136042	0.037092	-0.871270
11	29	7094	3.475668	0.094072	-0.650104
11	30	167	44269.956279	0.000008	-1.149748
11	31	6740	3.447149	0.105065	-0.730323
11	32	191	11.363766	0.025977	-0.745823
11	33	134	118281.902098	0.000003	-1.354881
11	34	41	3.142684	0.189167	-1.275538
11	35	174	447345.067424	0.000001	-1.120614
11	36	164	89496.259293	0.000004	-0.931304
11	37	345	6.050681	0.071323	-1.113461
11	38	197	150875.100095	0.000002	-1.076392
11	39	6637	4.003670	0.094320	-0.814949
11	40	1253	2.002958	0.133240	-0.400665
11	41	6509	2.846424	0.115128	-0.598612
11	42	157	10.624249	0.027007	-0.712893
11	43	6558	3.717545	0.086775	-0.656202
11	44	6797	3.177067	0.114056	-0.705365
11	45	6842	3.050762	0.118311	-0.689255
11	46	7463	1.454988	0.153441	-0.270451
11	47	1890	2.031902	0.111048	-0.341439
11	48	6824	3.500887	0.095907	-0.672401
11	49	6581	3.106128	0.108008	-0.639349
11	50	6516	2.693550	0.124705	-0.598889
11	51	6876	2.959034	0.115787	-0.640581
11	52	6608	2.718049	0.124307	-0.605483
11	53	6871	2.642186	0.117482	-0.544407
11	54	7775	0.971142	0.183716	-0.145593
11	55	6304	2.920275	0.116941	-0.634325
12	13	6326	3.199642	0.105241	-0.650331
12	14	6370	2.558131	0.129425	-0.574228
12	15	3669	1.917107	0.132338	-0.371003
12	16	212	56047.400665	0.000009	-1.988401
12	17	67	102581.418148	0.000003	-0.765948
12	18	6626	3.139881	0.118864	-0.725927
12	19	1834	5.195910	0.054569	-0.620758
12	20	6047	2.327147	0.132385	-0.505674
12	21	93	11.439503	0.057285	-2.729046
12	22	325	43.639790	0.013960	-2.876712
12	23	127	125692.661758	0.000005	-2.937180
12	24	6550	2.471127	0.135302	-0.569709
12	25	290	10.889205	0.050055	-1.873795
12	26	6511	3.234140	0.108288	-0.683496
12	27	6333	2.508617	0.121451	-0.520021
12	28	312	10.117046	0.047453	-1.484511
12	29	6907	3.109172	0.104343	-0.615766
12	30	157	582261.509098	0.000001	-1.531134
12	31	6417	3.092882	0.110844	-0.654042
12	32	187	10.857047	0.047510	-1.699131
12	33	151	73.125382	0.006045	-1.540417
12	34	41	5631.378899	0.000028	-0.374954
12	35	169	49661.243550	0.000014	-4.882214
12	36	160	139961686.130628	0.000000	-3.675929
12	37	357	45709.733901	0.000011	-2.204209
12	38	195	8.120103	0.084825	-2.688410
12	39	6491	3.592376	0.098584	-0.723257
12	40	1292	1.693688	0.184195	-0.416256
12	41	6399	2.257092	0.141260	-0.515119
12	42	152	94807.139033	0.000006	-2.199752
12	43	6177	3.347978	0.100134	-0.659361
12	44	6508	3.365754	0.101538	-0.675667
12	45	6465	3.145229	0.105793	-0.636853
12	46	6961	1.084030	0.200581	-0.197927
12	47	1869	1.555921	0.170545	-0.334807
12	48	6497	3.131123	0.106138	-0.634724
12	49	6311	2.862106	0.115956	-0.608643
12	50	6251	2.403874	0.130976	-0.526580
12	51	6384	2.377586	0.129765	-0.512397
12	52	6286	2.527882	0.130299	-0.567497
12	53	6567	2.524303	0.121459	-0.525182
12	54	7315	0.886179	0.180209	-0.115918
12	55	5925	2.751175	0.116420	-0.574397
13	14	6784	2.644393	0.139167	-0.655653
13	15	3837	2.271883	0.127223	-0.467002
13	16	292	9923143.631615	0.000000	-2.781647
13	17	67	5362960.254709	0.000000	-1.058629
13	18	7604	3.411079	0.108573	-0.746500
13	19	1779	4.037678	0.078009	-0.656256
13	20	6476	2.836811	0.124449	-0.649240
13	21	110	30331.139719	0.000015	-1.767052
13	22	403	1061917.676610	0.000000	-1.508214
13	23	169	20107916.904559	0.000000	-1.741702
13	24	7821	2.885704	0.124907	-0.670117
13	25	414	1034489.823504	0.000001	-2.518888
13	26	7291	3.883844	0.102107	-0.855608
13	27	7007	3.232712	0.125630	-0.812439
13	28	357	3028125.969346	0.000000	-1.808213
13	29	7812	3.242920	0.115519	-0.739963
13	30	181	12054.099158	0.000039	-1.788414
13	31	7250	3.478106	0.104456	-0.735765
13	32	263	8148659.267655	0.000000	-2.262696
13	33	163	24176.912390	0.000021	-2.132417
13	34	43	2274811.266255	0.000000	-1.523326
13	35	279	431078499.084877	0.000000	-1.911380
13	36	272	173102.231133	0.000003	-1.854463
13	37	458	379284.430993	0.000001	-1.873413
13	38	294	218022033.280894	0.000000	-1.080752
13	39	6781	3.186553	0.119301	-0.746719
13	40	1263	2.167333	0.148437	-0.507597
13	41	6872	2.849035	0.139043	-0.740674
13	42	171	411557869.134014	0.000000	-1.950097
13	43	6802	3.964318	0.095095	-0.810222
13	44	7085	3.418219	0.104124	-0.713005
13	45	7216	3.306784	0.116320	-0.770020
13	46	7592	1.911267	0.133663	-0.372846
13	47	1923	2.726854	0.116556	-0.567158
13	48	6931	3.721393	0.097780	-0.757475
13	49	6780	3.360661	0.108736	-0.730143
13	50	6658	3.182944	0.110521	-0.682236
13	51	7302	3.239700	0.108758	-0.688799
13	52	6928	2.736463	0.131813	-0.652978
13	53	7250	2.745916	0.129038	-0.641347
13	54	8080	1.098544	0.183745	-0.188702
13	55	6379	3.967667	0.101968	-0.884684
14	15	3710	1.904609	0.133390	-0.370012
14	16	233	17142002.135539	0.000000	-1.767217
14	17	61	12425.520093	0.000034	-1.498125
14	18	7150	2.477398	0.135065	-0.570971
14	19	1740	4.367831	0.062742	-0.570038
14	20	6385	2.499581	0.124853	-0.532521
14	21	91	765611.802617	0.000001	-1.306990
14	22	320	99961.460544	0.000004	-1.600106
14	23	144	993908.689679	0.000000	-1.330998
14	24	7446	2.544985	0.139557	-0.617768
14	25	306	19.059595	0.020718	-1.189401
14	26	7098	3.339869	0.109447	-0.728452
14	27	6983	3.063428	0.111713	-0.649949
14	28	310	222303.839319	0.000002	-1.250214
14	29	7776	2.980137	0.123100	-0.694393
14	30	161	177447.508874	0.000002	-1.332336
14	31	7011	2.977093	0.116545	-0.651583
14	32	222	11.289442	0.036247	-1.179232
14	33	152	8779.602437	0.000045	-1.292327
14	34	39	6497.116232	0.000028	-0.451464
14	35	182	26.988228	0.019486	-2.011976
14	36	190	236824.982443	0.000002	-1.919312
14	37	371	296257546.069892	0.000000	-1.672665
14	38	214	453504.995730	0.000001	-1.539658
14	39	6789	2.864170	0.118562	-0.624594
14	40	1273	2.406108	0.119653	-0.479440
14	41	6898	2.701200	0.133784	-0.649944
14	42	161	1123925475.113980	0.000000	-1.589558
14	43	6597	3.118943	0.115479	-0.694622
14	44	7014	2.448686	0.133734	-0.554481
14	45	6895	2.802016	0.120305	-0.613039
14	46	7606	1.570546	0.167750	-0.335032
14	47	1890	2.290879	0.121620	-0.451591
14	48	6981	3.214820	0.118583	-0.752226
14	49	6744	2.788456	0.115669	-0.582531
14	50	6588	3.062964	0.107188	-0.620089
14	51	6966	2.536006	0.133185	-0.584024
14	52	6851	2.692509	0.124875	-0.599415
14	53	6962	2.720915	0.118396	-0.574973
14	54	7864	0.816042	0.206594	-0.104921
14	55	6161	3.823169	0.093281	-0.747025
15	16	201	385854.129934	0.000001	-2.582911
15	17	46	45627.558214	0.000011	-2.069255
15	18	4209	1.981403	0.138291	-0.408678
15	19	1445	2.613614	0.094258	-0.422912
15	20	4053	2.428317	0.111931	-0.453416
15	21	78	1775951.536517	0.000000	-1.771524
15	22	285	4698182.305046	0.000000	-1.627658
15	23	119	1723.408353	0.000155	-0.729525
15	24	4792	0.056112	0.819122	0.280524
15	25	257	1219634.776472	0.000000	-1.932736
15	26	3970	1.995765	0.141940	-0.424362
15	27	3770	2.077164	0.121656	-0.387379
15	28	290	264275.904067	0.000001	-1.239741
15	29	4267	2.492279	0.104780	-0.440210
15	30	136	10573609.064234	0.000000	-2.049783
15	31	3992	2.427211	0.106539	-0.430226
15	32	184	25999493.270135	0.000000	-2.361908
15	33	113	26685.767381	0.000016	-1.532188
15	34	27	149234.600710	0.000001	-0.423465
15	35	194	955292754.977400	0.000000	-4.178303
15	36	181	7084321841.154203	0.000000	-3.802380
15	37	358	17142860.975586	0.000000	-2.552217
15	38	204	13366309.254889	0.000000	-2.345570
15	39	3759	2.299819	0.132177	-0.495424
15	40	1038	0.144187	0.235288	0.116547
15	41	3793	2.142680	0.118658	-0.396546
15	42	144	111672.798030	0.000002	-0.680212
15	43	3787	2.266031	0.124110	-0.453331
15	44	3864	2.453732	0.102655	-0.420719
15	45	3921	2.389454	0.118068	-0.467674
15	46	4125	0.812241	0.214873	-0.106901
15	47	1524	1.578643	0.149664	-0.303715
15	48	3830	2.269503	0.115509	-0.421921
15	49	3766	2.271914	0.120002	-0.439610
15	50	3676	1.790531	0.138941	-0.348473
15	51	3974	1.758949	0.143571	-0.349405
15	52	3757	1.999553	0.140703	-0.421957
15	53	3882	1.717169	0.139332	-0.326320
15	54	4364	0.499183	0.238770	0.000287
15	55	3575	2.194465	0.126481	-0.439445
16	17	5	0.000000	1.672520	0.384926
16	18	394	88.135901	0.007419	-3.602951
16	19	70	591449.135019	0.000001	-3.210312
16	20	404	21.846192	0.022460	-1.730085
16	21	100	155604610335417602372135756590978860233637814881118096510364493251013941295593044312064000.000000	0.000000	-28.099293
16	22	421	1.175919	0.094761	-0.118823
16	23	222	4.364017	0.161563	-2.020136
16	24	452	35.807140	0.016636	-2.684482
16	25	551	0.114497	0.349038	0.162299
16	26	309	32034779.038866	0.000000	-2.383635
16	27	341	19.025275	0.027382	-1.900491
16	28	340	2.380745	0.195289	-0.793583
16	29	584	7.152890	0.092173	-2.335888
16	30	44	6121824013811383082680320.000000	0.000000	-0.957391
16	31	479	15.237620	0.040678	-2.597865
16	32	404	0.000006	1.627610	0.382494
16	33	89	2.871911	0.221458	-1.301956
16	34	-1	-1	-1	-1
16	35	382	2.751999	0.062014	-0.292971
16	36	433	0.978506	0.056000	-0.050693
16	37	436	3.560678	0.090450	-0.644682
16	38	393	0.200071	0.091602	0.047171
16	39	247	110955.778032	0.000007	-6.204787
16	40	108	10.325243	0.037013	-1.051274
16	41	245	52284.768291	0.000010	-2.180592
16	42	224	0.313840	0.802644	0.126983
16	43	223	3087.344065	0.000208	-3.602371
16	44	274	28.226485	0.020649	-2.497611
16	45	277	29.697843	0.018348	-2.178525
16	46	246	4.901827	0.134839	-1.950113
16	47	326	0.494127	0.870341	0.004425
16	48	179	957017.640457	0.000000	-0.959725
16	49	191	1493187.006094	0.000000	-1.269074
16	50	181	34.494626	0.016674	-2.474195
16	51	276	18.009550	0.034908	-2.771200
16	52	209	33.298495	0.015273	-1.919478
16	53	246	24780.107518	0.000024	-3.079446
16	54	300	6.030662	0.116992	-2.448845
16	55	188	6597880.779106	0.000000	-1.402125
17	18	68	8422.307996	0.000018	-0.347853
17	19	27	358509950223237120.000000	0.000000	-6.921655
17	20	57	212030448042656064.000000	0.000000	-1.227969
17	21	-1	-1	-1	-1
17	22	1	0.000000	0.000000	0.000000
17	23	-1	-1	-1	-1
17	24	66	108236106.475600	0.000000	-1.498804
17	25	8	5896221677944998423438925922769682732742494742642688.000000	0.000000	-881560.504902
17	26	68	2587209.182470	0.000000	-0.781952
17	27	68	18244075918932836352000.000000	0.000000	-0.873578
17	28	3	277865622732.979736	0.000000	-574957.170815
17	29	76	547100.200955	0.000001	-0.781668
17	30	2	0.000000	0.000000	0.000000
17	31	71	781787.625439	0.000001	-1.836421
17	32	-1	-1	-1	-1
17	33	-1	-1	-1	-1
17	34	-1	-1	-1	-1
17	35	-1	-1	-1	-1
17	36	-1	-1	-1	-1
17	37	6	33835.857613	0.000003	-0.259005
17	38	1	60404245.162067	0.000000	-20183275.732057
17	39	61	3160.496196	0.000110	-1.065297
17	40	23	123701696.419031	0.000000	-3.139297
17	41	66	32695.200502	0.000016	-2.142286
17	42	-1	-1	-1	-1
17	43	67	10075.903173	0.000065	-3.711402
17	44	66	131689727.049800	0.000000	-0.633767
17	45	68	1.795745	0.278324	-0.682477
17	46	68	5652.440990	0.000024	-0.315748
17	47	35	41760312.317551	0.000000	-2.729851
17	48	58	859062629468297728.000000	0.000000	-2.654584
17	49	68	16238.728655	0.000039	-3.352524
17	50	66	245285.035431	0.000002	-2.893440
17	51	69	25596.112658	0.000022	-2.524498
17	52	56	29126.298798	0.000007	-0.554107
17	53	61	19797254440661281857896160690176.000000	0.000000	-0.799286
17	54	68	163634748498.996887	0.000000	-0.174632
17	55	65	18213.470361	0.000019	-1.038126
18	19	1821	2.866930	0.108615	-0.567613
18	20	7539	2.785337	0.129733	-0.660233
18	21	137	1927828339.431507	0.000000	-2.402629
18	22	512	12.761750	0.029886	-1.080407
18	23	199	9789400.102863	0.000000	-1.743006
18	24	10175	3.228895	0.114098	-0.724280
18	25	529	6.828878	0.081314	-1.694692
18	26	8362	3.280894	0.115653	-0.755094
18	27	7894	3.498178	0.112140	-0.808220
18	28	453	46.413583	0.011797	-2.275709
18	29	9762	3.725412	0.096857	-0.750172
18	30	168	33825.477624	0.000015	-2.009145
18	31	8422	3.355038	0.105759	-0.704909
18	32	324	18.233628	0.029552	-2.014605
18	33	177	25298.175087	0.000013	-0.964018
18	34	39	664.561295	0.000050	-0.068952
18	35	355	41.128322	0.011443	-1.683775
18	36	383	13.329401	0.033003	-1.352555
18	37	550	19.736046	0.021697	-1.356915
18	38	400	50.131328	0.006729	-0.987915
18	39	7395	3.256987	0.109648	-0.701249
18	40	1280	2.314405	0.102084	-0.382727
18	41	7474	2.938349	0.128794	-0.714431
18	42	197	34.247794	0.014842	-1.921501
18	43	7973	3.696629	0.101148	-0.780634
18	44	8455	3.353999	0.104476	-0.694607
18	45	8578	3.089574	0.113087	-0.668006
18	46	8932	1.614417	0.165317	-0.346385
18	47	2004	2.212284	0.127410	-0.448452
18	48	7934	3.457849	0.097018	-0.668474
18	49	7719	2.869913	0.124900	-0.664168
18	50	7552	3.181466	0.119107	-0.743368
18	51	8655	2.524889	0.136723	-0.596506
18	52	8108	2.911735	0.119675	-0.647946
18	53	8446	2.903427	0.122948	-0.664842
18	54	9520	0.936583	0.199794	-0.143883
18	55	6987	3.660803	0.102104	-0.777270
19	20	1798	2.080686	0.136835	-0.437417
19	21	51	5648191.065811	0.000000	-7.776143
19	22	134	50381168.645530	0.000000	-1.778736
19	23	41	181299060468684054069248.000000	0.000000	-80722.548950
19	24	1838	2.712058	0.096352	-0.457670
19	25	130	11609.361935	0.000024	-0.779480
19	26	1880	3.778362	0.072040	-0.541755
19	27	1781	3.620583	0.085941	-0.623159
19	28	172	1.311620	0.346300	-0.453920
19	29	1872	3.344951	0.091004	-0.590017
19	30	69	98674179952000944.000000	0.000000	-2.543388
19	31	1843	5.891478	0.054643	-0.748335
19	32	58	1459858.394543	0.000000	-3.442662
19	33	70	8373176.671166	0.000000	-12.246592
19	34	14	1766064608261330094646099968.000000	0.000000	-119201.409397
19	35	49	31222564928502625965999605517147353837747856972939191599641604804834302488177212635994232036911847279951872.000000	0.000000	-34147.489981
19	36	39	inf	0.000000	-29716.763115
19	37	157	547063.756802	0.000001	-2.445810
19	38	65	10449057.982715	0.000000	-2.008736
19	39	1791	4.160004	0.067759	-0.581038
19	40	660	2.399138	0.146984	-0.593078
19	41	1806	3.147005	0.084625	-0.496165
19	42	46	4315.626342	0.000128	-2.450890
19	43	1777	4.114073	0.077074	-0.665541
19	44	1817	3.586844	0.087899	-0.630620
19	45	1864	4.054515	0.067966	-0.561593
19	46	1929	1.087894	0.165492	-0.169064
19	47	898	0.953986	0.216364	-0.160196
19	48	1832	2.268175	0.137556	-0.505077
19	49	1791	3.574702	0.086288	-0.614058
19	50	1814	3.488203	0.068838	-0.458359
19	51	1886	4.711442	0.059995	-0.603508
19	52	1790	2.196147	0.104013	-0.360192
19	53	1856	2.832215	0.106838	-0.546971
19	54	1997	0.743653	0.165198	-0.066666
19	55	1794	4.155037	0.069673	-0.599300
20	21	144	8870.314578	0.000048	-1.482474
20	22	502	13.789377	0.026876	-1.045619
20	23	192	3462579970.670991	0.000000	-1.747423
20	24	8005	2.941838	0.115711	-0.634210
20	25	541	25536.955027	0.000019	-1.919697
20	26	7012	2.737923	0.117380	-0.575198
20	27	6406	2.568206	0.131874	-0.589669
20	28	438	505669.280290	0.000001	-1.505398
20	29	8391	3.103109	0.111283	-0.660436
20	30	169	160837.668701	0.000003	-1.490636
20	31	7385	2.714265	0.134327	-0.658002
20	32	333	17.268977	0.023902	-1.262305
20	33	205	5.044259	0.075305	-0.887978
20	34	37	7137539428.911982	0.000000	-3.772067
20	35	350	19.263384	0.022534	-1.383988
20	36	377	13.264043	0.031594	-1.252111
20	37	530	18.866342	0.025176	-1.607289
20	38	392	12.156631	0.024475	-0.759344
20	39	6505	3.332305	0.112853	-0.752396
20	40	1303	2.053522	0.107886	-0.337155
20	41	6368	2.549058	0.136167	-0.603121
20	42	204	110790081.794781	0.000000	-1.340987
20	43	6480	3.074941	0.105512	-0.612885
20	44	6743	3.209810	0.104771	-0.650237
20	45	6874	3.032021	0.112585	-0.645091
20	46	7373	1.244050	0.188001	-0.244952
20	47	1936	2.327022	0.115175	-0.437328
20	48	6705	2.794496	0.116009	-0.586412
20	49	6513	2.731705	0.126196	-0.620565
20	50	6357	2.528467	0.119510	-0.517529
20	51	6930	2.639719	0.130126	-0.607432
20	52	6547	2.421309	0.139460	-0.569343
20	53	6712	2.499520	0.124475	-0.530786
20	54	7844	0.902284	0.176761	-0.119106
20	55	6045	3.203957	0.104878	-0.649137
21	22	111	545319.543509	0.000001	-1.066277
21	23	93	398631848766252.625000	0.000000	-2.926462
21	24	156	5298.494369	0.000114	-3.054396
21	25	106	3880848914412.664062	0.000000	-3.204702
21	26	127	10035.235655	0.000051	-2.068360
21	27	112	20227.796661	0.000030	-2.977793
21	28	94	2934694770734713369863665685468640293215651671073680644857260634186175425573113518904576049152.000000	0.000000	-8866.604254
21	29	172	42742.851310	0.000014	-3.146456
21	30	14	22402432942908520.000000	0.000000	-85876.818905
21	31	145	4818758062030380335104.000000	0.000000	-4.124119
21	32	83	394007258075576357879808.000000	0.000000	-3.661086
21	33	54	123318341.035216	0.000000	-990805.187127
21	34	-1	-1	-1	-1
21	35	101	9074249575209210149228602433841389293938633659900894599831717028929223000064.000000	0.000000	-0.913069
21	36	102	83581501469038.312500	0.000000	-0.620437
21	37	97	975370.445989	0.000000	-1.884875
21	38	100	41752574442202952656863887360.000000	0.000000	-0.290079
21	39	113	19179.068886	0.000030	-2.641555
21	40	52	655063.357759	0.000001	-6.667386
21	41	120	7795.913834	0.000063	-1.927164
21	42	46	2461702972204596567915409434987833679072368525312.000000	0.000000	-0.530690
21	43	100	290802.529438	0.000002	-3.457963
21	44	112	27678396.489354	0.000000	-1.117189
21	45	108	387117.448484	0.000001	-2.044457
21	46	103	14393.945037	0.000012	-0.430010
21	47	86	5550126.967520	0.000000	-825931.122395
21	48	89	11196.219725	0.000029	-0.943695
21	49	90	240812.188516	0.000001	-0.850782
21	50	95	683991154.070054	0.000000	-1.736129
21	51	131	27193.465566	0.000020	-2.325648
21	52	96	529916.192730	0.000001	-0.850442
21	53	107	385856.096184	0.000001	-2.349299
21	54	109	4429992.179799	0.000000	-1.380745
21	55	86	34176975.490735	0.000000	-1.464555
22	23	214	23957.490990	0.000012	-0.819979
22	24	554	10.380048	0.035507	-0.998838
22	25	468	1.008741	0.114839	-0.104905
22	26	404	18.792224	0.021197	-1.204043
22	27	436	23.916737	0.016131	-1.168605
22	28	339	2.288890	0.097113	-0.357477
22	29	604	8.098802	0.048733	-1.053825
22	30	39	51960477270803699840245711935125308777168896.000000	0.000000	-6.683847
22	31	548	8.102388	0.045451	-0.956328
22	32	347	0.566517	0.173496	-0.018484
22	33	105	16377114586848225192963184001024.000000	0.000000	-0.349131
22	34	4	0.000000	1.873379	0.394665
22	35	403	0.021336	3.482222	0.422505
22	36	471	0.007503	6.050328	0.456485
22	37	438	0.000000	1.604487	0.381206
22	38	404	0.039095	5.501073	0.430212
22	39	373	3.098715	0.155067	-0.971460
22	40	111	181016.053860	0.000001	-0.264385
22	41	345	6.775748	0.079040	-1.593624
22	42	207	0.298571	0.385431	0.093776
22	43	335	9961.214965	0.000059	-2.810039
22	44	393	1636942.037736	0.000000	-1.642426
22	45	399	10.336188	0.052552	-1.839784
22	46	346	287301.846778	0.000002	-1.515533
22	47	339	1.525045	0.189965	-0.357216
22	48	301	42545.834798	0.000009	-1.208576
22	49	299	727601.014325	0.000001	-1.592880
22	50	301	12.519104	0.046953	-2.230103
22	51	388	6.824370	0.084957	-1.820926
22	52	325	53879.527923	0.000008	-1.430095
22	53	362	132932.295244	0.000004	-1.749172
22	54	386	2.390227	0.170090	-0.688732
22	55	311	487262.916443	0.000001	-1.453273
23	24	225	43.931952	0.011775	-2.020543
23	25	223	2.779099	0.243975	-1.373082
23	26	157	354437.472378	0.000001	-1.522480
23	27	174	65653.338199	0.000006	-1.252096
23	28	178	6.875736	0.087772	-1.956523
23	29	256	451366.949535	0.000001	-4.116240
23	30	27	2917830.388618	0.000000	-0.295903
23	31	216	267322.688036	0.000003	-4.055521
23	32	184	2.618822	0.254145	-1.277960
23	33	56	12597318.421913	0.000000	-0.447103
23	34	-1	-1	-1	-1
23	35	181	6580201.543375	0.000000	-1.083767
23	36	209	7902.746083	0.000033	-0.714801
23	37	192	51257190.188437	0.000000	-1.821265
23	38	186	6610.562846	0.000017	-0.254160
23	39	147	91679.151923	0.000009	-9.948979
23	40	40	597634006505355524969753575125547072369503994881308125044360096375635968.000000	0.000000	-15202.884010
23	41	128	474324.296716	0.000001	-1.774738
23	42	125	2.093651	0.166224	-0.538185
23	43	137	92557.949263	0.000009	-8.367803
23	44	155	30467290.560588	0.000000	-1.290933
23	45	145	15260456.238253	0.000000	-1.752533
23	46	140	41261476.106807	0.000000	-1.928910
23	47	175	0.903775	0.758979	-0.334558
23	48	127	30837.240918	0.000007	-0.557579
23	49	118	109166730.653458	0.000000	-0.838228
23	50	124	393032.787747	0.000001	-2.640914
23	51	167	370852.862718	0.000002	-2.975318
23	52	134	600048.935298	0.000001	-1.347699
23	53	144	85070422.053179	0.000000	-2.125896
23	54	149	2573136.957853	0.000000	-2.342933
23	55	113	31453505.389704	0.000000	-1.067274
24	25	601	8.286458	0.069271	-1.910876
24	26	9015	3.077691	0.115678	-0.681301
24	27	8130	2.774396	0.126281	-0.636690
24	28	479	39.241179	0.014033	-2.277748
24	29	11276	3.214452	0.116838	-0.739188
24	30	187	9634462.230541	0.000000	-1.770686
24	31	9304	3.369165	0.108328	-0.729879
24	32	378	11.528720	0.048230	-1.968509
24	33	198	2.372886	0.273014	-1.138559
24	34	40	11221978508439952817043481548554240.000000	0.000000	-2.209821
24	35	394	20.855380	0.021636	-1.487797
24	36	423	15.435454	0.028065	-1.345796
24	37	612	46.985088	0.009641	-1.582742
24	38	436	11.068400	0.030757	-0.901558
24	39	7697	3.463682	0.109294	-0.771192
24	40	1358	0.507050	0.302933	-0.002941
24	41	7598	2.746077	0.125630	-0.622716
24	42	226	16.048041	0.034951	-2.135228
24	43	8390	3.493930	0.104063	-0.737818
24	44	9169	2.801904	0.121306	-0.618652
24	45	9306	3.468605	0.101422	-0.707555
24	46	9636	1.610852	0.150099	-0.315072
24	47	2019	2.149970	0.143544	-0.484108
24	48	8425	3.228347	0.108650	-0.684183
24	49	8299	3.271000	0.102312	-0.651767
24	50	7924	3.032096	0.108252	-0.617161
24	51	9616	3.034142	0.116139	-0.668969
24	52	8678	2.664944	0.127430	-0.602838
24	53	8767	2.841423	0.116784	-0.606477
24	54	10210	1.129016	0.164565	-0.181075
24	55	7131	3.116263	0.115942	-0.696856
25	26	424	91246.487164	0.000006	-2.133706
25	27	468	21.258535	0.025301	-2.048602
25	28	363	1.253867	0.292249	-0.361752
25	29	723	12.355196	0.046865	-2.158898
25	30	36	13999880122965236492795904.000000	0.000000	-2.362104
25	31	627	10.742411	0.053766	-2.078284
25	32	429	0.000167	0.526559	0.256393
25	33	103	821965.839243	0.000000	-0.747432
25	34	7	500456.822002	0.000001	-1.641344
25	35	419	3.913302	0.048777	-0.367260
25	36	488	0.478312	0.136024	0.004888
25	37	456	2.249983	0.119366	-0.430626
25	38	423	0.234172	0.163865	0.067568
25	39	361	13.627668	0.041922	-2.147496
25	40	112	246530329.419509	0.000000	-0.742006
25	41	349	29279.241832	0.000016	-1.683317
25	42	242	0.449324	0.533441	0.029589
25	43	335	47494.465544	0.000011	-2.137786
25	44	383	16.985453	0.033019	-2.154896
25	45	396	40.860590	0.013840	-2.417083
25	46	342	6.519520	0.075256	-1.372995
25	47	415	0.838836	0.577694	-0.234311
25	48	292	3803234.210274	0.000000	-0.924412
25	49	262	6359526.663818	0.000000	-1.031956
25	50	275	146688.572896	0.000003	-1.764059
25	51	393	17.375856	0.033329	-2.307348
25	52	304	352930.761804	0.000001	-1.614057
25	53	343	3143864.028606	0.000000	-2.573451
25	54	408	3.921719	0.144250	-1.365773
25	55	273	657599.337224	0.000001	-1.049690
26	27	7537	3.199152	0.119578	-0.753578
26	28	385	21.617212	0.020382	-1.434318
26	29	9391	3.196373	0.108832	-0.674762
26	30	180	33297.796200	0.000014	-1.738208
26	31	7989	3.947558	0.100760	-0.864370
26	32	256	697171.737717	0.000001	-2.204975
26	33	166	11526.473986	0.000054	-3.295597
26	34	39	52083064896004517155198468096.000000	0.000000	-1.022872
26	35	262	26.909217	0.018525	-1.816740
26	36	282	15.807554	0.030876	-1.647722
26	37	452	24.014528	0.020810	-1.806084
26	38	303	11.020394	0.033839	-1.024813
26	39	7141	3.471563	0.113371	-0.808693
26	40	1310	2.000565	0.163754	-0.491493
26	41	7309	3.180692	0.115508	-0.717075
26	42	156	12255582.495136	0.000000	-1.412188
26	43	7477	3.710976	0.095577	-0.733783
26	44	8188	3.900034	0.098676	-0.825835
26	45	8101	3.544741	0.106559	-0.776744
26	46	8578	1.598127	0.146755	-0.304361
26	47	1954	1.916667	0.157454	-0.440341
26	48	7770	4.396729	0.081333	-0.787344
26	49	7618	4.045014	0.091097	-0.793755
26	50	7239	3.272820	0.106302	-0.681756
26	51	8165	3.580069	0.095502	-0.692858
26	52	7677	3.052160	0.117943	-0.687313
26	53	8000	3.689759	0.091606	-0.691432
26	54	9087	1.043900	0.157616	-0.149001
26	55	6763	3.411834	0.101954	-0.693583
27	28	381	604986.184558	0.000001	-1.898080
27	29	8303	3.436037	0.105253	-0.728104
27	30	165	1722644.903793	0.000000	-1.164169
27	31	7502	3.247635	0.121184	-0.784556
27	32	306	7.749140	0.055915	-1.194746
27	33	181	6.361520	0.092552	-1.819445
27	34	42	41588.935672	0.000009	-1.197930
27	35	292	24.127184	0.020799	-1.820833
27	36	308	249452.667567	0.000002	-1.745509
27	37	469	8.256359	0.060713	-1.518695
27	38	300	17.856899	0.020119	-1.025602
27	39	7039	3.941044	0.096909	-0.821454
27	40	1289	1.915988	0.170678	-0.476522
27	41	7214	2.798866	0.125682	-0.642347
27	42	200	21.148617	0.019942	-1.332360
27	43	7072	3.531294	0.096739	-0.688475
27	44	7564	3.408112	0.114099	-0.790653
27	45	7246	3.047652	0.113537	-0.656608
27	46	7796	1.463201	0.148518	-0.264980
27	47	1959	2.247417	0.103728	-0.372059
27	48	6911	3.678501	0.095408	-0.722157
27	49	6876	3.166022	0.117946	-0.729177
27	50	6649	2.942452	0.121778	-0.672002
27	51	7222	3.054208	0.111646	-0.646417
27	52	7137	2.461365	0.143081	-0.600937
27	53	7383	3.454081	0.100145	-0.692513
27	54	8329	1.052165	0.157390	-0.151248
27	55	6228	2.941035	0.118270	-0.649710
28	29	492	38444360.634109	0.000000	-2.169012
28	30	29	694.375322	0.000797	-2.471129
28	31	465	156710.500065	0.000004	-2.599982
28	32	305	0.547462	0.373357	-0.022979
28	33	70	33014067.770869	0.000000	-1.444274
28	34	2	37779562.088772	0.000000	-1.295945
28	35	306	5.484259	0.054048	-0.663781
28	36	324	14789.963542	0.000010	-0.355479
28	37	333	7.626144	0.041764	-0.778050
28	38	290	0.041339	0.185836	0.124980
28	39	358	9.159481	0.062172	-1.940502
28	40	131	20400.568847	0.000012	-0.665831
28	41	334	500832.088736	0.000001	-1.978424
28	42	194	0.396412	1.005667	0.079746
28	43	326	364885.143281	0.000001	-2.171070
28	44	376	44.844827	0.010987	-1.841163
28	45	378	32.903647	0.014931	-1.796639
28	46	353	7.567120	0.053805	-1.085711
28	47	315	2.020168	0.302019	-0.923866
28	48	305	1620170.166163	0.000000	-1.084814
28	49	312	5617217.887681	0.000000	-1.874203
28	50	309	440632.582930	0.000001	-2.141408
28	51	382	78618.706621	0.000007	-2.374747
28	52	302	765161.314379	0.000000	-1.029747
28	53	352	379904113.090218	0.000000	-1.824464
28	54	364	3.965628	0.112479	-1.000916
28	55	295	1453840.648197	0.000000	-1.329438
29	30	182	29386.900476	0.000013	-1.275024
29	31	9863	2.955718	0.125005	-0.697253
29	32	436	3.890092	0.169709	-1.694059
29	33	242	3.212332	0.160652	-1.082270
29	34	38	87958115.195993	0.000000	-1.261494
29	35	423	12.380993	0.038892	-1.549924
29	36	480	9.281912	0.049879	-1.375772
29	37	670	13.001134	0.040822	-1.852610
29	38	465	6.678180	0.051421	-0.836642
29	39	8008	3.402528	0.112319	-0.773938
29	40	1395	3.301149	0.093986	-0.599900
29	41	7674	2.778555	0.125622	-0.634534
29	42	212	9.869156	0.056248	-1.890984
29	43	8284	3.831645	0.092976	-0.746687
29	44	9004	3.177903	0.115622	-0.716885
29	45	8957	2.879896	0.126774	-0.679178
29	46	9443	1.990451	0.133204	-0.396565
29	47	2088	2.754381	0.125885	-0.627144
29	48	8501	3.740332	0.092257	-0.712247
29	49	8204	3.431383	0.109799	-0.763764
29	50	7928	3.887925	0.088516	-0.720105
29	51	9459	3.399199	0.102189	-0.691388
29	52	8377	2.848427	0.128353	-0.676528
29	53	8719	3.107848	0.109565	-0.650407
29	54	9939	1.187534	0.176055	-0.211793
29	55	7103	3.854880	0.092787	-0.752008
30	31	193	17598267.362983	0.000000	-2.992054
30	32	29	1978850390898779578777468928.000000	0.000000	-0.323643
30	33	10	0.000000	0.000001	0.000001
30	34	-1	-1	-1	-1
30	35	25	497961951950608770061111897588490351819999239774889050112.000000	0.000000	-1.984745
30	36	28	262406173.322440	0.000000	-0.642704
30	37	50	21860660.201027	0.000000	-4.250783
30	38	42	1428044674.767357	0.000000	-0.862749
30	39	163	1303907.859997	0.000000	-1.999631
30	40	60	6974882.424512	0.000000	-0.300484
30	41	191	22606216108.097721	0.000000	-1.883820
30	42	28	4681424039819415552.000000	0.000000	-4.930602
30	43	173	5919.411591	0.000085	-2.038560
30	44	184	26969.380477	0.000017	-1.619012
30	45	187	1383867.170475	0.000000	-1.582954
30	46	179	6451408.703205	0.000000	-0.573309
30	47	91	11731.200051	0.000007	-0.190179
30	48	181	216602.390253	0.000002	-1.617975
30	49	168	5205969.032192	0.000000	-1.441992
30	50	175	2679994797.572812	0.000000	-1.045628
30	51	183	90890.215575	0.000005	-1.748908
30	52	164	8019.426354	0.000040	-0.939039
30	53	178	69423.754668	0.000006	-1.262476
30	54	188	3385971631.216965	0.000000	-0.405951
30	55	166	828070955.360790	0.000000	-0.891842
31	32	393	6.170206	0.094610	-1.772080
31	33	214	3.522182	0.145818	-1.132816
31	34	43	0.704718	0.374343	-0.103220
31	35	387	16.581525	0.027336	-1.461980
31	36	438	10.669894	0.041003	-1.294015
31	37	593	287706.987112	0.000002	-1.686774
31	38	452	6.891034	0.054466	-0.949001
31	39	7173	3.386754	0.113597	-0.778486
31	40	1324	3.026178	0.097137	-0.545106
31	41	7049	3.363158	0.108105	-0.726031
31	42	216	15.047171	0.035141	-1.888019
31	43	7274	3.657434	0.107744	-0.828306
31	44	7812	3.526909	0.102410	-0.734886
31	45	7890	2.781444	0.136516	-0.697295
31	46	8328	1.729788	0.150406	-0.355488
31	47	1988	2.674935	0.119176	-0.563745
31	48	7541	4.110173	0.090916	-0.812277
31	49	7312	3.716135	0.097107	-0.749525
31	50	7072	3.319176	0.114372	-0.759456
31	51	8204	3.342102	0.106869	-0.709182
31	52	7563	2.731476	0.125427	-0.616322
31	53	7662	3.172419	0.103141	-0.627101
31	54	8804	1.087535	0.172985	-0.175559
31	55	6677	3.641993	0.104966	-0.796960
32	33	80	1.111276	0.387154	-0.352150
32	34	-1	-1	-1	-1
32	35	335	1.744090	0.084538	-0.205890
32	36	371	0.467428	0.167557	0.008685
32	37	350	1.121485	0.240252	-0.246582
32	38	323	0.000005	0.437904	0.233446
32	39	217	571285.208304	0.000001	-2.704470
32	40	63	927439.357285	0.000000	-0.097185
32	41	219	2048.118056	0.000210	-1.510736
32	42	222	0.157782	1.134084	0.251263
32	43	204	8.081727	0.077283	-2.211127
32	44	254	11.315882	0.048316	-1.900672
32	45	271	8.028348	0.075607	-2.091792
32	46	230	22.947509	0.022718	-1.946002
32	47	319	0.309686	1.195021	0.150617
32	48	164	21.502522	0.010023	-0.523321
32	49	184	1579368.016909	0.000000	-1.324480
32	50	175	212332.982528	0.000002	-1.971357
32	51	273	9.325139	0.064053	-2.129917
32	52	198	38.424357	0.012931	-1.854137
32	53	246	11.004034	0.053607	-2.176964
32	54	273	5.359259	0.124697	-2.085427
32	55	159	414018134.136230	0.000000	-1.217406
33	34	6	1054127.110300	0.000000	-0.427267
33	35	65	3.071116	0.039192	-0.210363
33	36	89	2.570907	0.030055	-0.126654
33	37	85	3.449174	0.060880	-0.393840
33	38	85	2.132437	0.042469	-0.139439
33	39	166	17840.275559	0.000026	-1.714093
33	40	95	2811665519.276405	0.000000	-0.492712
33	41	152	1.599302	0.231611	-0.465976
33	42	24	0.504127	0.358243	-0.001925
33	43	149	1.683003	0.287549	-0.623508
33	44	151	54317.848893	0.000010	-2.266340
33	45	169	1.093764	0.354491	-0.318613
33	46	157	3.611041	0.075059	-0.531269
33	47	103	4496234.077503	0.000000	-0.473294
33	48	131	475838.763791	0.000001	-1.225247
33	49	129	2185361803.891146	0.000000	-0.925501
33	50	140	22789825.986766	0.000000	-1.589102
33	51	157	8.751237	0.060453	-1.685542
33	52	150	59042.967152	0.000004	-0.678463
33	53	160	4.905020	0.127030	-1.773661
33	54	163	1167961.108440	0.000000	-0.311977
33	55	138	1915097.013730	0.000000	-2.773886
34	35	-1	-1	-1	-1
34	36	-1	-1	-1	-1
34	37	3	186553.662391	0.000004	-4.504762
34	38	-1	-1	-1	-1
34	39	37	4903239305443763171617702277330781140070054528504536850497536.000000	0.000000	-2.999334
34	40	21	594327.328061	0.000000	-0.225553
34	41	41	78665325369.273499	0.000000	-0.142556
34	42	-1	-1	-1	-1
34	43	25	168844578964823086350892067713995698205581986607007391886646705360519551153831149568.000000	0.000000	-1.063436
34	44	34	6425135583694644181442338977156227194191790473961623131702650672005759595538496111896444503818232497948389424687196349340758898929980388145037421798560812829280371431374769796564443313879698023070551381001197584384.000000	0.000000	-2.331809
34	45	42	2.395957	0.211688	-0.876142
34	46	37	6276751.322857	0.000000	-0.358494
34	47	20	1740735290483009135476473856.000000	0.000000	-0.535166
34	48	30	1851300297.795408	0.000000	-2.571320
34	49	32	3117.958296	0.000068	-0.538601
34	50	32	8950136.153337	0.000000	-0.499538
34	51	36	3055962.484580	0.000000	-0.394394
34	52	30	2240784975647458592792670321409299316736.000000	0.000000	-1.199353
34	53	35	8113780281906621697277440493693096307448469045148734982058960018842102358125626888720220160.000000	0.000000	-1.428018
34	54	41	818529.914413	0.000000	-0.095129
34	55	32	66856269.359910	0.000000	-1.249497
35	36	432	0.020719	3.351077	0.420848
35	37	432	0.016832	1.384767	0.357199
35	38	368	0.030075	3.592666	0.418033
35	39	219	9.669428	0.066364	-2.478588
35	40	58	43824.515968	0.000004	-0.365756
35	41	207	194081.957611	0.000003	-2.338296
35	42	195	0.574413	0.374108	-0.036312
35	43	194	5.211666	0.160324	-3.114416
35	44	250	4372994.749552	0.000000	-2.352230
35	45	266	18.293186	0.035696	-3.036089
35	46	190	17.566680	0.038727	-3.328353
35	47	264	2.026667	0.179663	-0.551211
35	48	157	51726.988739	0.000007	-1.189094
35	49	163	47903.199705	0.000011	-2.245275
35	50	160	461050.890854	0.000001	-3.763970
35	51	256	8.466720	0.080114	-2.648726
35	52	178	290364.424463	0.000002	-2.457846
35	53	228	89013.012201	0.000007	-2.931531
35	54	251	16.240895	0.042474	-3.384176
35	55	148	225503.003425	0.000002	-1.814344
36	37	452	0.032462	2.036134	0.380319
36	38	418	0.000002	8.984780	0.473640
36	39	212	61409.327533	0.000009	-2.454494
36	40	57	1287754.379638	0.000000	-0.527047
36	41	211	17171886.513143	0.000000	-2.083119
36	42	203	1.058278	0.148053	-0.145081
36	43	186	15.713753	0.047488	-4.142977
36	44	237	12829.733440	0.000038	-1.872941
36	45	262	13.478427	0.047155	-2.668203
36	46	193	553691.743566	0.000001	-3.895598
36	47	252	2.515794	0.087536	-0.369597
36	48	142	8.120839	0.042915	-0.887121
36	49	142	117676.228826	0.000004	-1.974653
36	50	141	130598.446394	0.000005	-3.231231
36	51	242	13.381130	0.046538	-2.549085
36	52	179	303474233.915777	0.000000	-2.347123
36	53	225	333421.153070	0.000002	-2.435122
36	54	231	42.981060	0.014952	-3.280246
36	55	149	1169125.202756	0.000000	-1.555315
37	38	406	0.034413	1.638971	0.361519
37	39	399	219548.420762	0.000002	-1.927458
37	40	154	3.535588	0.082924	-0.576908
37	41	390	1838724.730108	0.000000	-1.634265
37	42	223	0.515454	0.469343	-0.008550
37	43	391	5.820251	0.112701	-2.105869
37	44	449	26.104671	0.018408	-1.694561
37	45	471	14.235082	0.044411	-2.671759
37	46	395	5.915749	0.063985	-0.924756
37	47	422	1.563572	0.204371	-0.399126
37	48	351	70625783.038834	0.000000	-1.616814
37	49	343	219453.362581	0.000002	-1.024751
37	50	344	830942.108178	0.000001	-2.065202
37	51	455	9.919844	0.053615	-1.755504
37	52	370	191509480.027812	0.000000	-1.720640
37	53	412	13.805950	0.035501	-1.626423
37	54	460	4.654617	0.104910	-1.208207
37	55	355	2073762.556249	0.000000	-1.151147
38	39	252	6.124410	0.085762	-1.492732
38	40	82	12561952.174173	0.000000	-0.097858
38	41	257	6.855088	0.072409	-1.419275
38	42	200	0.127111	1.036990	0.262855
38	43	204	8.683476	0.083518	-3.093988
38	44	267	34.975945	0.013320	-1.637856
38	45	269	9.122037	0.057790	-1.693576
38	46	215	69474.109661	0.000008	-2.239379
38	47	246	0.511078	0.332314	-0.004925
38	48	186	2184829.114496	0.000000	-1.135003
38	49	176	123743.771274	0.000003	-1.383019
38	50	180	16.768468	0.038095	-2.833838
38	51	252	10.332857	0.056040	-2.067538
38	52	215	386590.470065	0.000001	-1.570043
38	53	256	58113153.139375	0.000000	-1.386474
38	54	276	4.139346	0.134906	-1.380315
38	55	185	103453.233348	0.000004	-1.157616
39	40	1274	2.483312	0.116743	-0.490767
39	41	6874	3.422602	0.112627	-0.783932
39	42	174	61679.267407	0.000010	-3.670671
39	43	6805	3.792502	0.096578	-0.769117
39	44	7160	3.042824	0.121085	-0.704787
39	45	7080	3.346548	0.111138	-0.744069
39	46	7797	1.786270	0.143392	-0.357911
39	47	1900	2.109115	0.138953	-0.454068
39	48	6934	4.257010	0.083736	-0.775820
39	49	6801	3.253066	0.110512	-0.706300
39	50	6789	3.858499	0.094837	-0.773317
39	51	7246	3.647672	0.095270	-0.711431
39	52	6988	2.762729	0.125119	-0.625958
39	53	7245	3.314012	0.106014	-0.693216
39	54	8104	1.154177	0.163640	-0.188068
39	55	6521	4.066004	0.092445	-0.814968
40	41	1296	0.956196	0.233537	-0.171316
40	42	59	0.000002	0.263146	0.172408
40	43	1231	2.290679	0.112781	-0.417601
40	44	1233	1.713259	0.179479	-0.414194
40	45	1300	2.557222	0.096386	-0.419084
40	46	1337	0.932591	0.232167	-0.160974
40	47	721	0.260607	0.521456	0.130919
40	48	1343	0.313324	0.380104	0.086473
40	49	1240	2.144704	0.138816	-0.465983
40	50	1252	2.103640	0.095763	-0.310217
40	51	1308	1.981496	0.092081	-0.272372
40	52	1317	1.481973	0.225700	-0.396862
40	53	1277	1.805291	0.160153	-0.405450
40	54	1374	0.420776	0.250466	0.028438
40	55	1245	2.155487	0.134372	-0.454395
41	42	176	5.728149	0.080567	-1.204108
41	43	6929	2.877819	0.122831	-0.654734
41	44	7201	3.076851	0.120291	-0.712197
41	45	6936	2.750456	0.130643	-0.651931
41	46	7880	1.331160	0.167057	-0.249791
41	47	1926	1.291353	0.190718	-0.265912
41	48	6806	3.297394	0.102035	-0.657966
41	49	6738	3.113521	0.116186	-0.697554
41	50	6562	2.668133	0.127414	-0.603910
41	51	7037	3.391576	0.100634	-0.676756
41	52	6952	2.645790	0.120688	-0.561721
41	53	7191	2.862147	0.117846	-0.619699
41	54	8156	0.878146	0.187724	-0.117276
41	55	6322	3.634745	0.096820	-0.721150
42	43	154	20278511.540320	0.000000	-2.922203
42	44	187	51.917830	0.010044	-2.071401
42	45	186	29.859391	0.016610	-1.815343
42	46	166	5.790580	0.094179	-1.549790
42	47	217	0.712279	0.760322	-0.163107
42	48	137	531456.343916	0.000000	-0.548302
42	49	145	74660190.960558	0.000000	-0.813099
42	50	139	414382.155203	0.000001	-2.291421
42	51	169	16.557117	0.031284	-1.844763
42	52	137	7849925.235800	0.000000	-1.135051
42	53	173	1933292.226395	0.000000	-1.432904
42	54	184	2.899327	0.206462	-1.216640
42	55	143	98527.723904	0.000003	-0.899096
43	44	7597	3.600624	0.098619	-0.726192
43	45	7625	3.323000	0.108338	-0.714020
43	46	8365	1.713073	0.132460	-0.309601
43	47	1930	1.016660	0.285918	-0.230608
43	48	7421	3.733525	0.090624	-0.695299
43	49	7217	3.537404	0.100394	-0.721185
43	50	7152	3.533437	0.097882	-0.698711
43	51	7839	3.383240	0.107386	-0.727266
43	52	7496	3.561812	0.094329	-0.677442
43	53	7661	3.041720	0.112659	-0.648845
43	54	8705	1.072500	0.170652	-0.168696
43	55	6700	4.280566	0.084004	-0.785685
44	45	8099	3.417972	0.104790	-0.718275
44	46	8719	1.460381	0.162924	-0.287648
44	47	1902	2.497041	0.123286	-0.524560
44	48	7667	3.577459	0.101528	-0.744059
44	49	7653	3.309032	0.108453	-0.710106
44	50	7298	3.350530	0.104768	-0.695726
44	51	8415	2.943959	0.113062	-0.618664
44	52	7883	3.003647	0.110174	-0.620258
44	53	8091	2.942214	0.116116	-0.636832
44	54	9033	1.083606	0.164301	-0.166679
44	55	6674	3.464553	0.109446	-0.772783
45	46	8753	1.621676	0.157306	-0.333071
45	47	2023	2.049780	0.128863	-0.401998
45	48	8020	3.576718	0.095309	-0.690199
45	49	7914	3.249347	0.109425	-0.696976
45	50	7559	2.892494	0.120200	-0.644275
45	51	8826	3.069156	0.113163	-0.661502
45	52	7877	2.644494	0.135202	-0.635234
45	53	8002	2.940098	0.116152	-0.636328
45	54	9149	0.810841	0.196025	-0.098828
45	55	6703	3.116442	0.109731	-0.654373
46	47	2051	0.780532	0.257251	-0.109868
46	48	8569	1.524733	0.170119	-0.322572
46	49	8369	1.617218	0.155870	-0.328671
46	50	8100	1.302013	0.174406	-0.249392
46	51	9057	1.499129	0.164460	-0.303622
46	52	8625	1.324527	0.183913	-0.269770
46	53	8650	1.349005	0.173735	-0.265029
46	54	10125	0.485198	0.314264	0.006303
46	55	7520	1.457272	0.165574	-0.290861
47	48	1990	1.130561	0.182913	-0.199025
47	49	1919	2.568622	0.099367	-0.435724
47	50	1914	1.726059	0.148732	-0.350431
47	51	2001	2.038974	0.156169	-0.483623
47	52	1869	1.590757	0.147208	-0.302889
47	53	1911	2.375883	0.123868	-0.487418
47	54	2122	0.589061	0.349440	-0.041689
47	55	1787	2.020007	0.122727	-0.374010
48	49	7706	3.092631	0.112998	-0.668456
48	50	7490	3.014459	0.105113	-0.591697
48	51	8403	3.235000	0.111058	-0.704056
48	52	7592	3.065849	0.113025	-0.659450
48	53	7730	2.645905	0.129973	-0.608940
48	54	8891	1.088063	0.172829	-0.175593
48	55	6948	3.756144	0.095224	-0.744648
49	50	7399	2.921745	0.120760	-0.658159
49	51	8231	3.435463	0.100383	-0.688564
49	52	7531	2.508657	0.135319	-0.583804
49	53	7584	2.658660	0.130849	-0.618196
49	54	8705	1.038355	0.167607	-0.155415
49	55	6847	3.731375	0.102647	-0.806764
50	51	7923	2.839530	0.125299	-0.655201
50	52	7284	2.912095	0.113476	-0.610629
50	53	7415	2.588777	0.122666	-0.552336
50	54	8445	0.964560	0.178846	-0.140206
50	55	6688	2.934263	0.118231	-0.647089
51	52	8293	3.074293	0.110557	-0.645927
51	53	8195	2.682473	0.123019	-0.586184
51	54	9442	1.087540	0.174728	-0.177086
51	55	7129	2.864198	0.121629	-0.642659
52	53	7845	2.363730	0.140496	-0.551895
52	54	8888	0.982353	0.173771	-0.142448
52	55	6657	3.216326	0.112268	-0.706371
53	54	9102	0.798112	0.207878	-0.099166
53	55	6906	2.713674	0.123199	-0.598027
54	55	7767	1.049189	0.171471	-0.161938
